time,x,y,z,phi,theta,psi,x_velocity,y_velocity,z_velocity,phi_velocity,theta_velocity,psi_velocity,rotor_speed1,rotor_speed2,rotor_speed3,rotor_speed4
0.06,-7.00107789182e-08,-2.24641291539e-08,10.0033432464,6.28315483686,8.00029924362e-05,0.0,-6.61178331033e-06,-2.30816787892e-06,0.111436418934,-0.00154345785209,0.00387521271809,0.0,440.5397711186481,440.8599966164809,440.39111795729553,440.26346819939425
0.12000000000000001,-3.28207213581e-06,-1.20286791568e-06,10.0153835282,6.2826456362,0.000292513453995,0.0,-0.000125747245812,-6.44128759427e-05,0.289877230168,-0.0283706040518,0.00286657732058,0.0,461.13012029755345,461.0503815566238,462.25462807149484,460.1361775618477
0.18,-1.70895191875e-05,-2.07870110873e-05,10.0338405064,6.28123847834,0.000675009398338,0.0,-0.000360859854174,-0.000730760196161,0.325345455321,-0.0150880218382,0.0126020348236,0.0,416.0584104813117,416.9096657733921,414.9728304006655,416.13683416075884
0.23999999999999996,-5.83090543713e-05,-0.000112174805744,10.0582927194,6.28053854067,0.00219536007241,0.0,-0.00114866115081,-0.00240405925594,0.489671332799,-0.00557505500656,0.043073612311,0.0,455.90737050913606,458.3352647295056,456.4784323053933,457.23692779306475
0.3,-0.000194878150395,-0.000323808026617,10.094860789,6.28007544961,0.00551745658967,0.0,-0.00377450388369,-0.00469848730043,0.729140842374,-0.0123918021153,0.0726570498821,0.0,478.20032051100213,480.4498750730438,479.73427100658904,479.2165848265907
0.36000000000000004,-0.000557885980524,-0.000675577464722,10.1424336515,6.27910871512,0.0103957084763,0.0,-0.0088193329015,-0.00711618802396,0.856530171086,-0.024845018321,0.094583142991,0.0,445.551344956531,447.34524944910953,446.20894920525484,445.1913710281008
0.4200000000000001,-0.00130318922539,-0.00118477031025,10.1950540128,6.27759644232,0.0159784953448,0.0,-0.016548862029,-0.00999675595417,0.89744320451,-0.0259333752297,0.0897834528037,0.0,418.64049506583683,418.23060850066406,418.6365596589378,418.5417089634047
0.48000000000000015,-0.00266964815984,-0.00191397934322,10.2532478897,6.27591600923,0.0212535660852,0.0,-0.029577152043,-0.0144848336326,1.04221997745,-0.0325152192152,0.0839009737321,0.0,452.30649351357687,451.83882242357254,451.6994188053143,451.1681884864348
0.5400000000000001,-0.00501904643029,-0.00298054627351,10.3239878091,6.27376488404,0.0268243284212,0.0,-0.0494123180731,-0.0213256863152,1.31548539374,-0.0435364000034,0.106477785882,0.0,489.20044163206643,490.8846734987146,490.28831947367144,489.4684303387311
0.6000000000000002,-0.00855878343403,-0.00446287196596,10.4057478682,6.27131061026,0.0339345425422,0.0,-0.0692656208847,-0.0283396107032,1.40971456842,-0.0361027438931,0.135511972492,0.0,435.1332392489434,437.56920708748703,437.1387410495314,437.7567663793022
0.6600000000000003,-0.0133429892279,-0.0063808728105,10.4903928813,6.26894505822,0.0417846097728,0.0,-0.0909090037035,-0.0357907879887,1.41175378922,-0.0470730550572,0.11930107633,0.0,407.2381255905786,405.8029223148549,407.6114457814017,406.6289975030695
0.7200000000000003,-0.0198260971737,-0.00888021759405,10.5812764391,6.26615552243,0.0491233950566,0.0,-0.126036506384,-0.0478463009205,1.6173847362,-0.0453556239819,0.127738303716,0.0,470.78256263430416,471.44744118136765,471.65404870859174,471.7855109822177
0.7800000000000004,-0.028628272327,-0.0121807014773,10.6851615318,6.26332735215,0.0570792521359,0.0,-0.168298238037,-0.0624980600496,1.84505327302,-0.0509575728797,0.140869813521,0.0,478.81881547257547,479.83133885510006,477.9792198234083,477.5509673271411
0.8400000000000004,-0.039832285248,-0.0163153380439,10.7970369231,6.26003597625,0.0657136886171,0.0,-0.205960251733,-0.0756145811825,1.88400377961,-0.0640865211655,0.149372911415,0.0,420.31057363052827,421.0673617406924,421.74796073220165,420.6102730959892
0.9000000000000005,-0.0538372025723,-0.021433155388,10.9168229919,6.25707227013,0.0743810635405,0.0,-0.261908864453,-0.0953662958571,2.10838689767,-0.0298109076889,0.1321704613,0.0,478.9779877451643,477.68572259071567,477.80790213410535,480.4120246049172
0.9600000000000005,-0.0712995970901,-0.0277619655816,11.0486521706,6.25604403475,0.0818645241577,0.0,-0.321028156355,-0.115734257327,2.28549809264,0.000534654681387,0.102530903238,0.0,466.8900959974939,464.5848647788928,464.52928592441975,466.9026771208767
1.0200000000000005,-0.0923751646214,-0.0352975469096,11.1899098451,6.25592845827,0.0879807585649,0.0,-0.382127820232,-0.135446578408,2.42274069375,-0.00736910660598,0.100723678935,0.0,454.7599244375156,454.6238965928519,454.5966816426285,453.9629756436274
1.0800000000000005,-0.117366952424,-0.0440557540442,11.3406990032,6.25509826843,0.0940313431148,0.0,-0.451586422442,-0.156547934128,2.60308907442,-0.0317065145823,0.101080617263,0.0,467.7454244861896,467.7814537935849,469.7727890348225,467.8819578793284
1.1400000000000006,-0.146547757957,-0.0540693808649,11.5010450852,6.2534022256,0.10051830676,0.0,-0.521756486375,-0.17742124009,2.74136588194,-0.0221510254971,0.119384500539,0.0,456.0854367430009,457.5547341811087,455.9190974234698,456.68169707691186
1.2000000000000006,-0.180213343359,-0.0654072066699,11.6709272284,6.25243942333,0.107775465166,0.0,-0.601206137963,-0.200618051589,2.92081357724,-0.00600979371653,0.123914915455,0.0,469.6332243628547,469.9968135903748,469.35618224170196,470.60730326111377
1.2600000000000007,-0.218354301974,-0.078025405159,11.8473524611,6.25178293239,0.115376462131,0.0,-0.67084966722,-0.220027929957,2.95981970906,-0.0232944527504,0.131708461051,0.0,426.5298527876915,427.21023618459645,428.1791377859987,426.7062036457981
1.3200000000000007,-0.26145646919,-0.0919954724143,12.0315251256,6.25043750724,0.123212846059,0.0,-0.766762732372,-0.245782183847,3.17852563523,-0.0207370288586,0.128308351719,0.0,483.5748701549501,483.33281123165494,482.6291654499468,482.82216597791233
1.3800000000000008,-0.309284459343,-0.10722108189,12.219067448,6.24941722194,0.131048270321,0.0,-0.828100487117,-0.261825743591,3.07307159552,-0.0104265729509,0.13479878677,0.0,378.7345660319279,379.3771571296511,378.32704428900576,379.3185443932238
1.4400000000000008,-0.361581649315,-0.123592851974,12.405310404,6.24915248379,0.139221806873,0.0,-0.915903267404,-0.283931135773,3.13470532594,0.00550231326967,0.138933680603,0.0,436.8576932015111,437.2198299561987,434.8177783441362,436.15027909430944
1.5000000000000009,-0.4192343889,-0.141274460712,12.5946984969,6.24905112994,0.14785792766,0.0,-1.00663716833,-0.305430686935,3.17794509461,-0.0227022529049,0.152413729495,0.0,429.878962228419,431.03966598629796,432.727266955001,430.34642460866195
1.560000000000001,-0.482471336411,-0.160246860804,12.7864681154,6.24779628339,0.156806277019,0.0,-1.10208778745,-0.327094799764,3.21408062454,-0.0175586267456,0.141629789797,0.0,429.81666847047353,428.9234069681683,429.0733498633659,429.5098081579381
1.620000000000001,-0.552142534564,-0.180661139729,12.9837511784,6.24647980069,0.165217225058,0.0,-1.2211422403,-0.35348636787,3.36136218737,-0.0325882367795,0.137121952599,0.0,465.2154916989449,464.8796818963545,465.77086812522066,464.5938995077827
1.680000000000001,-0.629841526631,-0.202844115536,13.1939742321,6.24449096424,0.173051316073,0.0,-1.36972170545,-0.386159095085,3.64490662031,-0.0342892419065,0.112374133462,0.0,506.71483953081884,504.9456410471803,506.63198359493265,506.50938217080216
1.740000000000001,-0.71593347988,-0.226878452215,13.4170654955,6.24231061064,0.17976610338,0.0,-1.5006621703,-0.415188940525,3.79074440799,-0.0407904167292,0.110975641159,0.0,468.856826127456,468.75855282600884,468.24881177099235,467.7422264665153
1.8000000000000012,-0.80952423812,-0.252587995957,13.6460900495,6.23941771292,0.186749194161,0.0,-1.61965370699,-0.442027098715,3.84299284859,-0.0703271265547,0.12544862346,0.0,440.4811712771359,441.68862929915974,441.4810116361186,439.0352385258026
1.8600000000000012,-0.911006196691,-0.280111464262,13.8814171313,6.23481648251,0.194222089181,0.0,-1.76380534231,-0.475866699358,4.00037369436,-0.094112143657,0.122685759095,0.0,474.00026533504604,473.80091023443623,475.6498712617683,473.8202094849801
1.9200000000000013,-1.02103515682,-0.309704275767,14.1247605184,6.22893651532,0.201884649055,0.0,-1.90453015113,-0.511120464023,4.1103369606,-0.107193199313,0.13622051919,0.0,460.8606133169698,461.94336989125725,462.4755072437214,461.4359974918357
1.9800000000000013,-1.13945239279,-0.341476145382,14.3735657122,6.22224951518,0.209490582831,0.0,-2.04344829425,-0.548549075834,4.18253451623,-0.121711315995,0.0903565291292,0.0,452.5227449168466,448.8284667288165,452.8018982927406,451.6213928661892
2.0400000000000014,-1.26663807356,-0.375710821819,14.6279954024,6.2148053026,0.215016717442,0.0,-2.19655973973,-0.593328374116,4.29766147189,-0.129257442443,0.0953808791682,0.0,465.7972923564372,466.19678595938865,466.60749040831837,466.0047242202844
2.1000000000000014,-1.4018519066,-0.412380756925,14.8834486923,6.20697344664,0.221078550737,0.0,-2.31109976326,-0.629594450229,4.21746013096,-0.133204933882,0.110433595098,0.0,403.0701506389595,404.4382469605558,403.2694496676192,402.89510590048496
2.1600000000000015,-1.54427939328,-0.451426249522,15.1350992179,6.19880106445,0.227576746607,0.0,-2.43706772995,-0.672561866438,4.1707164824,-0.143001673159,0.103664744041,0.0,415.69173224515106,415.109281142506,415.44757705655474,414.5688831892737
2.2200000000000015,-1.69592108289,-0.493749871489,15.3904986741,6.19059336605,0.233702048238,0.0,-2.61820125114,-0.739074762578,4.34143630621,-0.126628020512,0.0987358039347,0.0,485.03703634492814,484.6747669592734,485.0752150080644,486.2876012722941
2.2800000000000016,-1.85851211338,-0.540216805969,15.6557906191,6.18267197168,0.239028306049,0.0,-2.80200370686,-0.810578892139,4.50046720089,-0.145892324637,0.0426617356696,0.0,486.417933341796,482.2047456065575,484.6986655774575,483.23380043139855
2.3400000000000016,-2.03118970733,-0.590710888176,15.9262540955,6.17420878341,0.241446269483,0.0,-2.9541572442,-0.873291169469,4.51455155071,-0.132810977879,0.0350994698772,0.0,441.47607155108074,440.8524085725705,440.50059661307813,441.5623772181574
2.4000000000000017,-2.21382500082,-0.645460603669,16.2006251109,6.16606708471,0.243909659004,0.0,-3.13383408264,-0.952449643691,4.63021914581,-0.142188889444,0.0508899515505,0.0,473.19421340914454,474.40912612341066,475.04016029286566,474.3046037544497
2.4600000000000017,-2.40713063778,-0.705043769346,16.4811608677,6.15837199287,0.246711824401,0.0,-3.30991464445,-1.03437476802,4.72010381067,-0.109373855192,0.0366389213101,0.0,467.98065333400046,466.8710527599309,467.83053635860017,470.36419100874457
2.520000000000002,-2.61037718568,-0.769343121335,16.7643035389,6.15227604194,0.248776697605,0.0,-3.46520576864,-1.10945105708,4.71759711107,-0.0893890652095,0.0295477868448,0.0,440.6415387453205,440.0553397136006,439.7526415167779,441.3959842489072
2.580000000000002,-2.82330137455,-0.838406654989,17.0484426081,6.14664235822,0.25079393002,0.0,-3.6324527467,-1.19311507375,4.75312381072,-0.104904351322,0.0407237041553,0.0,453.71469906293004,454.61164827074725,453.8854982415062,452.63096076944464
2.640000000000002,-3.04594141034,-0.912393216505,17.333199449,6.14015157987,0.253422654024,0.0,-3.78916978902,-1.27361484054,4.73838946548,-0.115694073769,0.0493648435621,0.0,438.09482053258546,438.81395768397545,439.1495698966181,438.2429435393562
2.700000000000002,-3.27798197173,-0.991281002555,17.6167473246,6.13321615452,0.255858891672,0.0,-3.9458393698,-1.35652828752,4.71284089337,-0.115384115059,0.0105025656659,0.0,437.9986636462133,434.75474598171064,435.3207463677571,435.33444063209606
2.760000000000002,-3.51988482922,-1.07549017472,17.9002358441,6.12673646072,0.256901525191,0.0,-4.11771229449,-1.45099063119,4.73620512541,-0.0962716801933,0.0284435886273,0.0,451.74317322805814,453.1877505531257,452.2456392621207,453.77250441725016
2.820000000000002,-3.77305115077,-1.16601869306,18.1884615895,6.12077638856,0.258488436528,0.0,-4.32123346083,-1.56709607198,4.87011512351,-0.106291651004,0.0221263984449,0.0,488.1520940683438,487.68046870995613,489.3922325463847,488.6381626167406
2.880000000000002,-4.03724552697,-1.26287661392,18.4800203151,6.11434232006,0.260528264707,0.0,-4.4855009117,-1.66200596276,4.84809812107,-0.109188381927,0.0508565024441,0.0,440.8624014752061,443.23082663146926,441.52936958187144,441.28008097230696
2.940000000000002,-4.3113982407,-1.36555735047,18.770323639,6.10824805533,0.263436203188,0.0,-4.65327254348,-1.76116975024,4.82818663266,-0.0895583719931,0.0431967010002,0.0,444.150511944916,443.52315553787844,442.2080266702118,443.8132406045854
3.000000000000002,-4.59594052111,-1.4744441587,19.0602602729,6.10288607928,0.265609372808,0.0,-4.83175589503,-1.86879508949,4.83573218278,-0.0889850660826,0.016191515239,0.0,454.9889240265145,452.82177269121746,453.1311663043485,453.17076756497556
3.0600000000000023,-4.89074559105,-1.58954230559,19.3487325305,6.0974043775,0.266961551795,0.0,-4.99535819984,-1.96823672802,4.77975584284,-0.0965937167949,0.0328987030017,0.0,432.108209068225,433.5147066520535,434.94127812734547,434.2961771595037
3.1200000000000023,-5.19630635595,-1.71129034168,19.6369408296,6.0920501248,0.268911049022,0.0,-5.19021227926,-2.09043819254,4.82629196774,-0.0775548371687,0.0316649284948,0.0,467.9364401549578,467.8407051923867,467.41582120686337,468.89113378793513
3.1800000000000024,-5.51369081294,-1.84050699946,19.9280767758,6.08725768592,0.271310790097,0.0,-5.38949801102,-2.21710520838,4.87728899064,-0.0849670715682,0.0528970174306,0.0,470.7903266237716,472.4312887525841,471.32435768723957,470.7462718259195
3.2400000000000024,-5.84269175591,-1.97711370905,20.2206873649,6.08179998627,0.274664843962,0.0,-5.57757615301,-2.33682355063,4.87565704036,-0.106977230647,0.0613157787158,0.0,455.5042836177698,456.17920546818465,458.2070162009052,456.44652319620315
3.3000000000000025,-6.18353514188,-2.12132680672,20.5147058733,6.07548402583,0.278077338703,0.0,-5.78421064443,-2.47072131071,4.9238319803,-0.102048741076,0.0460570331163,0.0,474.86254514722384,473.6922928031831,473.93867996003803,474.30848089328026
3.3600000000000025,-6.53643822738,-2.27336950781,20.8100121736,6.06933084271,0.2805869982,0.0,-5.97956450215,-2.59780836959,4.91891463714,-0.103580388277,0.0316392427431,0.0,460.6247106853144,459.4836985148828,459.1987717178399,459.0684651176364
3.4200000000000026,-6.9005513957,-2.43270131074,21.1029132229,6.06292062661,0.282413323006,0.0,-6.15793311152,-2.71373509491,4.84409114269,-0.114301764846,0.0279231146634,0.0,438.2175540791935,437.90877695507294,438.44203960305333,437.5398568338097
3.4800000000000026,-7.2767730795,-2.60009336764,21.3957051255,6.05577822189,0.284535542518,0.0,-6.38297275096,-2.8664772853,4.91430030456,-0.130764637049,0.0471738494169,0.0,484.7811420143162,486.2262341158816,487.04831938371206,485.8036062470683
3.5400000000000027,-7.66422328718,-2.77495594307,21.6847292456,6.04909365283,0.287189472448,0.0,-6.53266053861,-2.96284853309,4.72011015873,-0.087980403158,0.0375844353848,0.0,399.20184188895695,398.32691521766935,397.75770420792384,401.64412174810957
3.6000000000000028,-8.06129828458,-2.9561155049,21.9638590003,6.04420498616,0.289554714305,0.0,-6.70371292476,-3.07623276362,4.5841447944,-0.0709085746386,0.0428603475389,0.0,420.01126804795723,420.46959590479645,418.946957079547,420.42318946763845
3.660000000000003,-8.46907484813,-3.14442070671,22.2358788657,6.04002141517,0.292180740588,0.0,-6.88935771599,-3.20095232992,4.48286912045,-0.0674616292763,0.0455210951541,0.0,433.1159113563719,433.3408217562606,431.52640545488134,431.8135002936126
3.720000000000003,-8.88941369401,-3.34133325431,22.5059975811,6.03612470305,0.294965425229,0.0,-7.12227286492,-3.36299262974,4.51985808614,-0.0603375677787,0.0481345756048,0.0,479.22444067462715,479.4242025905143,478.57999448547065,479.1192701718823
3.780000000000003,-9.3238025146,-3.54800889793,22.7781031676,6.03216903612,0.297775004299,0.0,-7.35771173907,-3.52636801485,4.54909315294,-0.0804837570788,0.0440732059783,0.0,480.0355786792843,479.7283408317858,479.40450669434466,477.8678623587365
3.840000000000003,-9.77125279158,-3.76360777373,23.0481295937,6.02720439085,0.300486944193,0.0,-7.5578449206,-3.6606426855,4.45131228097,-0.0876949966804,0.0473598869937,0.0,440.0550544964171,440.3283131876288,440.2139686447198,439.61100050616403
3.900000000000003,-10.2320482285,-3.98834476954,23.3160051689,6.02188117145,0.303072675286,0.0,-7.80236051638,-3.83087955605,4.47651080731,-0.0908526087902,0.0328038343555,0.0,481.81774493721514,480.71657678178605,482.46138719063333,482.2169834617432
3.960000000000003,-10.7048602088,-4.221100481,23.5767174833,6.01617834385,0.305115278626,0.0,-7.95886694531,-3.9282288568,4.21446341808,-0.105126806694,0.0364134006927,0.0,383.23672255499923,383.58045944862147,384.54143206251763,383.1769819022548
4.020000000000002,-11.1883889801,-4.46079048046,23.8253541907,6.00934460163,0.307342632472,0.0,-8.15938818831,-4.0619567026,4.07308695338,-0.144003670094,0.0385041317863,0.0,428.55388845235433,428.7323119399851,428.72525271471227,425.3948974253136
4.080000000000001,-11.68587734,-4.71015910711,24.0708814889,6.00068743817,0.309265791905,0.0,-8.42386379405,-4.25087129754,4.10946717774,-0.144856216003,0.0142504620198,0.0,488.94799272140705,487.13753841259893,488.60345466184503,488.52249157938627
4.14,-12.1985509355,-4.97032424674,24.3160329987,5.99196167802,0.310451735687,0.0,-8.66566071306,-4.42190147834,4.06114422326,-0.146599506496,0.028986061955,0.0,464.37698828713644,465.5317238660131,464.1752628513954,464.01959479256027
4.199999999999998,-12.7249211819,-5.24006494998,24.5553793344,5.98289292554,0.311807963412,0.0,-8.88064647278,-4.57011719604,3.91653142239,-0.162272437326,0.00507712311896,0.0,435.30073476917306,433.29477830214387,434.5102494399121,433.17152250232596
4.259999999999997,-13.2652279521,-5.51967819815,24.7886402905,5.97393803261,0.313019927863,0.0,-9.13001403143,-4.75095441486,3.85765695236,-0.131247183615,0.0401764176638,0.0,463.27701234697366,466.0294369288758,463.87277102175887,466.2828014298205
4.319999999999996,-13.8201203923,-5.80981081053,25.0167326627,5.96574533689,0.315138386859,0.0,-9.36703072542,-4.92068969468,3.74451422737,-0.150082671272,0.0231593557425,0.0,450.25481197986,448.87605120145895,449.5921154793863,448.04558338092266
4.379999999999995,-14.389487425,-6.110368921,25.2382229144,5.95659823692,0.317015429118,0.0,-9.61246610206,-5.09853209066,3.63746542282,-0.157661975341,0.0439343450811,0.0,453.29427765810937,454.96151138225804,453.062911433434,452.4314180165589
4.439999999999993,-14.9755381394,-6.42351985924,25.4583506953,5.94743062412,0.319453835603,0.0,-9.92285497298,-5.3402521187,3.69767276399,-0.144509362951,0.0330698369875,0.0,511.0978701943193,510.3233610438675,509.28706568038507,510.20832888126256
4.499999999999992,-15.5776840172,-6.74866790504,25.6742260968,5.93884414565,0.321664523661,0.0,-10.1495101573,-5.49868400716,3.49766296321,-0.140445998536,0.0434885301025,0.0,428.2507361758248,429.13701922218627,428.0296508624605,428.3554857021502
4.559999999999991,-16.1935705352,-7.0834239505,25.8779038769,5.93008872302,0.324637039682,0.0,-10.3809215036,-5.66050075086,3.29100083312,-0.160073504176,0.0595068511276,0.0,427.25728580009496,428.62287088931373,427.6733731151906,425.97642659889846
4.6199999999999894,-16.8239745104,-7.42848795091,26.0703067424,5.92091118376,0.327858667543,0.0,-10.6333663324,-5.84223985435,3.1213646734,-0.141592079299,0.0383389761459,0.0,443.56885510899116,441.82831966753133,441.67676327948925,443.1764332398271
4.679999999999988,-17.4704576256,-7.78537742663,26.2544218564,5.9120449631,0.330507267866,0.0,-10.9167559456,-6.05457087005,3.01426392005,-0.16446955381,0.0537658442724,0.0,466.33372756772235,467.5385741543058,467.7531717473929,465.9477577467631
4.739999999999987,-18.1331741726,-8.15414357581,26.4293168423,5.90195206307,0.333497409557,0.0,-11.1746922264,-6.23828874162,2.81452630635,-0.17700320518,0.0405153271784,0.0,437.87459765104114,436.7720652532316,439.18890200670455,438.12004876224586
4.799999999999986,-18.812884584,-8.53550771208,26.5955841015,5.89087659436,0.336347529376,0.0,-11.482952718,-6.47437229393,2.72564964348,-0.20747070969,0.0587121342919,0.0,477.96699920058825,479.35339197269116,481.35595547775125,479.0127174287607
4.859999999999984,-19.5108664434,-8.93075667061,26.7551501868,5.87798315342,0.340003002061,0.0,-11.7838361402,-6.701193665,2.59118654898,-0.236923238021,0.0650163084398,0.0,469.7637033104025,470.25486911273333,468.9239587496072,466.58536297412473
4.919999999999983,-20.2264853169,-9.33910885768,26.9047651049,5.8641214964,0.343964932786,0.0,-12.0709725073,-6.91123132025,2.3942048642,-0.2212928495,0.0679892853469,0.0,451.3039700096964,451.5471124327985,451.55823090794155,452.76546001203315
4.979999999999982,-20.9581008634,-9.75859568518,27.0386269387,5.85070178693,0.348082563726,0.0,-12.3173811572,-7.072485751,2.06708699736,-0.228868370858,0.0698727560886,0.0,406.10866250793697,406.28168078479445,407.26321102937027,406.52997322524857
5.0399999999999805,-21.7056781543,-10.1890121649,27.1550379299,5.83677423117,0.352766025617,0.0,-12.6028536038,-7.27540119826,1.81164801699,-0.239583707351,0.090777558888,0.0,436.5079006680554,438.25443575642,437.0326377567939,436.0833145570151
